Arquivo: GRAFO_AGM

==== MATRIZ DE ADJACÊNCIA ====

--- Matriz de Adjacências ---
  | 1 6 11 2 3 7 4 8 9 10 13 5 12 14 15 16 18 19 17
---------------------------------------------------
1 | 0 1 1 0 0 0 0 0 0 0 0 0 0 0 0 0 0 0 0
6 | 0 0 0 1 0 1 0 0 0 0 0 0 0 0 0 0 0 0 0
11| 0 1 0 0 0 0 0 0 0 0 0 0 0 0 0 1 0 0 0
2 | 0 0 0 0 1 1 0 0 0 0 0 0 0 0 0 0 0 0 0
3 | 0 0 0 1 0 0 1 1 0 0 0 0 0 0 0 0 0 0 0
7 | 0 0 0 0 0 0 0 1 0 0 0 0 1 0 0 0 0 0 0
4 | 0 0 0 0 0 0 0 0 1 1 1 0 0 0 0 0 0 0 0
8 | 0 0 0 0 0 0 0 0 1 0 0 0 0 0 0 0 0 0 0
9 | 0 0 0 0 1 0 0 0 0 0 0 0 0 1 0 0 0 0 0
10| 0 0 0 0 0 0 0 0 0 0 0 1 0 1 1 0 0 0 0
13| 0 0 0 0 0 0 0 0 0 1 0 0 0 0 0 0 0 1 0
5 | 0 0 0 0 0 0 1 0 0 0 0 0 0 0 0 0 0 0 0
12| 0 0 0 0 0 0 0 0 0 0 1 0 0 0 0 0 1 0 0
14| 0 0 0 0 0 0 0 0 0 0 0 0 0 0 1 0 0 1 0
15| 0 0 0 0 0 0 0 0 0 0 0 0 0 0 0 0 0 0 0
16| 0 0 0 0 0 0 0 0 0 0 0 0 0 0 0 0 1 0 0
18| 0 0 0 0 0 0 0 0 1 0 0 0 0 0 0 0 0 0 1
19| 0 0 0 0 0 0 0 0 0 0 0 0 0 0 0 0 0 0 0
17| 0 0 0 0 0 0 0 0 0 0 0 0 1 0 0 0 0 1 0

==== LISTA DE ADJACÊNCIA ====

--- Lista de Adjacências ---
1: ['11', '6']
10: ['14', '15', '5']
11: ['16', '6']
12: ['13', '18']
13: ['10', '19']
14: ['15', '19']
15: []
16: ['18']
17: ['12', '19']
18: ['17', '9']
19: []
2: ['3', '7']
3: ['2', '4', '8']
4: ['10', '13', '9']
5: ['4']
6: ['2', '7']
7: ['12', '8']
8: ['9']
9: ['14', '3']

==== GRAU DE CADA VÉRTICE NO GRAFO ====
d+(1) = 2, d-(1) = 0
d+(6) = 2, d-(6) = 2
d+(11) = 2, d-(11) = 1
d+(2) = 2, d-(2) = 2
d+(3) = 3, d-(3) = 2
d+(7) = 2, d-(7) = 2
d+(4) = 3, d-(4) = 2
d+(8) = 1, d-(8) = 2
d+(9) = 2, d-(9) = 3
d+(10) = 3, d-(10) = 2
d+(13) = 2, d-(13) = 2
d+(5) = 1, d-(5) = 1
d+(12) = 2, d-(12) = 2
d+(14) = 2, d-(14) = 2
d+(15) = 0, d-(15) = 2
d+(16) = 1, d-(16) = 1
d+(18) = 2, d-(18) = 2
d+(19) = 0, d-(19) = 3
d+(17) = 2, d-(17) = 1

========================================

