Arquivo: data/GRAFO_0.txt
==== MATRIZ DE ADJACÊNCIA ==== 
   a b c d e f g h
 a 0 1 0 0 0 0 0 0
 b 1 0 1 1 0 0 0 0
 c 0 1 0 1 1 0 0 0
 d 0 1 1 0 0 0 0 0
 e 0 0 1 0 0 1 0 0
 f 0 0 0 0 1 0 1 1
 g 0 0 0 0 0 1 0 1
 h 0 0 0 0 0 1 1 0

==== MATRIZ DE ADJACÊNCIA -> LISTA DE ADJACÊNCIA ====
a: ['b']
b: ['a', 'c', 'd']
c: ['b', 'd', 'e']
d: ['b', 'c']
e: ['c', 'f']
f: ['e', 'g', 'h']
g: ['f', 'h']
h: ['f', 'g']

==== LISTA DE ADJACÊNCIA -> MATRIZ DE ADJACÊNCIA  ==== 
   a b c d e f g h
 a 0 1 0 0 0 0 0 0
 b 1 0 1 1 0 0 0 0
 c 0 1 0 1 1 0 0 0
 d 0 1 1 0 0 0 0 0
 e 0 0 1 0 0 1 0 0
 f 0 0 0 0 1 0 1 1
 g 0 0 0 0 0 1 0 1
 h 0 0 0 0 0 1 1 0

Arquivo: data/DIGRAFO3.txt
==== MATRIZ DE ADJACÊNCIA ==== 
   a b e f c d g h i l j k m n o p q
 a 0 1 1 1 0 0 0 0 0 0 0 0 0 0 0 0 0
 b 0 0 0 0 1 0 0 0 0 0 0 0 0 0 0 0 0
 e 0 0 0 0 0 0 0 0 0 0 0 0 0 0 0 0 0
 f 0 0 1 0 0 0 1 0 0 0 0 0 0 0 0 0 0
 c 1 0 0 0 0 0 0 0 0 0 0 0 0 0 0 0 0
 d 0 0 0 0 1 0 0 0 0 0 0 0 0 0 0 0 0
 g 0 0 0 0 0 1 0 0 0 0 0 0 0 0 0 0 0
 h 0 0 0 0 0 0 0 0 1 1 0 0 0 0 0 0 0
 i 0 0 0 0 0 0 0 0 0 0 1 0 0 0 0 0 0
 l 0 0 0 0 0 0 0 0 0 0 0 1 1 0 0 0 0
 j 0 0 0 0 0 0 1 0 0 0 0 1 0 0 0 0 0
 k 0 0 0 0 0 0 0 0 1 0 0 0 0 0 0 0 0
 m 0 0 0 0 0 0 0 1 0 0 0 0 0 0 0 0 0
 n 0 0 0 0 0 0 0 0 0 0 0 0 0 0 1 1 1
 o 0 0 0 0 0 0 0 0 0 0 0 0 1 0 0 0 0
 p 0 0 0 0 0 0 0 0 0 0 0 0 0 0 0 0 1
 q 0 0 0 0 0 0 0 0 0 0 0 0 0 1 0 0 0

==== MATRIZ DE ADJACÊNCIA -> LISTA DE ADJACÊNCIA ====
a: ['b', 'e', 'f']
b: ['c']
e: []
f: ['e', 'g']
c: ['a']
d: ['c']
g: ['d']
h: ['i', 'l']
i: ['j']
l: ['k', 'm']
j: ['g', 'k']
k: ['i']
m: ['h']
n: ['o', 'p', 'q']
o: ['m']
p: ['q']
q: ['n']

==== LISTA DE ADJACÊNCIA -> MATRIZ DE ADJACÊNCIA  ==== 
   a b e f c d g h i l j k m n o p q
 a 0 1 1 1 0 0 0 0 0 0 0 0 0 0 0 0 0
 b 0 0 0 0 1 0 0 0 0 0 0 0 0 0 0 0 0
 e 0 0 0 0 0 0 0 0 0 0 0 0 0 0 0 0 0
 f 0 0 1 0 0 0 1 0 0 0 0 0 0 0 0 0 0
 c 1 0 0 0 0 0 0 0 0 0 0 0 0 0 0 0 0
 d 0 0 0 0 1 0 0 0 0 0 0 0 0 0 0 0 0
 g 0 0 0 0 0 1 0 0 0 0 0 0 0 0 0 0 0
 h 0 0 0 0 0 0 0 0 1 1 0 0 0 0 0 0 0
 i 0 0 0 0 0 0 0 0 0 0 1 0 0 0 0 0 0
 l 0 0 0 0 0 0 0 0 0 0 0 1 1 0 0 0 0
 j 0 0 0 0 0 0 1 0 0 0 0 1 0 0 0 0 0
 k 0 0 0 0 0 0 0 0 1 0 0 0 0 0 0 0 0
 m 0 0 0 0 0 0 0 1 0 0 0 0 0 0 0 0 0
 n 0 0 0 0 0 0 0 0 0 0 0 0 0 0 1 1 1
 o 0 0 0 0 0 0 0 0 0 0 0 0 1 0 0 0 0
 p 0 0 0 0 0 0 0 0 0 0 0 0 0 0 0 0 1
 q 0 0 0 0 0 0 0 0 0 0 0 0 0 1 0 0 0

Arquivo: data/GRAFO_2.txt
==== MATRIZ DE ADJACÊNCIA ==== 
   1 2 3 5 6 4 7 8 9 10 11
 1 0 1 1 0 1 0 0 0 0 0 0
 2 1 0 1 1 1 0 0 0 0 0 0
 3 1 1 0 0 0 1 0 0 0 0 0
 5 0 1 0 0 0 1 0 0 0 0 0
 6 1 1 0 0 0 0 1 0 0 0 0
 4 0 0 1 1 0 0 0 0 0 0 0
 7 0 0 0 0 1 0 0 0 0 0 0
 8 0 0 0 0 0 0 0 0 1 1 1
 9 0 0 0 0 0 0 0 1 0 1 0
10 0 0 0 0 0 0 0 1 1 0 0
11 0 0 0 0 0 0 0 1 0 0 0

==== MATRIZ DE ADJACÊNCIA -> LISTA DE ADJACÊNCIA ====
1: ['2', '3', '6']
2: ['1', '3', '5', '6']
3: ['1', '2', '4']
5: ['2', '4']
6: ['1', '2', '7']
4: ['3', '5']
7: ['6']
8: ['9', '10', '11']
9: ['8', '10']
10: ['8', '9']
11: ['8']

==== LISTA DE ADJACÊNCIA -> MATRIZ DE ADJACÊNCIA  ==== 
   1 2 3 5 6 4 7 8 9 10 11
 1 0 1 1 0 1 0 0 0 0 0 0
 2 1 0 1 1 1 0 0 0 0 0 0
 3 1 1 0 0 0 1 0 0 0 0 0
 5 0 1 0 0 0 1 0 0 0 0 0
 6 1 1 0 0 0 0 1 0 0 0 0
 4 0 0 1 1 0 0 0 0 0 0 0
 7 0 0 0 0 1 0 0 0 0 0 0
 8 0 0 0 0 0 0 0 0 1 1 1
 9 0 0 0 0 0 0 0 1 0 1 0
10 0 0 0 0 0 0 0 1 1 0 0
11 0 0 0 0 0 0 0 1 0 0 0

Arquivo: data/DIGRAFO_0.txt
==== MATRIZ DE ADJACÊNCIA ==== 
   a b d c e f g h
 a 0 1 1 0 0 0 0 0
 b 0 0 0 1 1 0 0 0
 d 0 0 0 0 1 0 0 0
 c 1 0 0 0 0 1 0 0
 e 0 0 0 0 0 1 0 0
 f 0 0 0 0 0 0 1 0
 g 0 0 0 0 0 0 0 1
 h 0 0 0 0 0 0 0 0

==== MATRIZ DE ADJACÊNCIA -> LISTA DE ADJACÊNCIA ====
a: ['b', 'd']
b: ['c', 'e']
d: ['e']
c: ['a', 'f']
e: ['f']
f: ['g']
g: ['h']
h: []

==== LISTA DE ADJACÊNCIA -> MATRIZ DE ADJACÊNCIA  ==== 
   a b d c e f g h
 a 0 1 1 0 0 0 0 0
 b 0 0 0 1 1 0 0 0
 d 0 0 0 0 1 0 0 0
 c 1 0 0 0 0 1 0 0
 e 0 0 0 0 0 1 0 0
 f 0 0 0 0 0 0 1 0
 g 0 0 0 0 0 0 0 1
 h 0 0 0 0 0 0 0 0

Arquivo: data/GRAFO_1.txt
==== MATRIZ DE ADJACÊNCIA ==== 
   a b c d e f i h
 a 0 1 0 0 0 0 0 0
 b 1 0 1 1 1 1 0 0
 c 0 1 0 1 1 0 1 0
 d 0 1 1 0 0 0 0 1
 e 0 1 1 0 0 0 0 0
 f 0 1 0 0 0 0 0 0
 i 0 0 1 0 0 0 0 0
 h 0 0 0 1 0 0 0 0

==== MATRIZ DE ADJACÊNCIA -> LISTA DE ADJACÊNCIA ====
a: ['b']
b: ['a', 'c', 'd', 'e', 'f']
c: ['b', 'd', 'e', 'i']
d: ['b', 'c', 'h']
e: ['b', 'c']
f: ['b']
i: ['c']
h: ['d']

==== LISTA DE ADJACÊNCIA -> MATRIZ DE ADJACÊNCIA  ==== 
   a b c d e f i h
 a 0 1 0 0 0 0 0 0
 b 1 0 1 1 1 1 0 0
 c 0 1 0 1 1 0 1 0
 d 0 1 1 0 0 0 0 1
 e 0 1 1 0 0 0 0 0
 f 0 1 0 0 0 0 0 0
 i 0 0 1 0 0 0 0 0
 h 0 0 0 1 0 0 0 0

Arquivo: data/DIGRAFO1.txt
==== MATRIZ DE ADJACÊNCIA ==== 
   1 2 3 4 5 6 8 7 9 10 11 12 13
 1 0 1 0 0 0 0 0 0 0 0 0 0 0
 2 0 0 1 0 0 0 0 0 0 0 0 0 0
 3 1 0 0 1 0 0 0 0 0 0 0 0 0
 4 0 0 0 0 1 0 0 0 0 0 0 0 0
 5 0 0 0 0 0 1 1 0 0 0 0 0 0
 6 0 0 0 0 0 0 0 1 0 0 0 0 0
 8 0 0 0 1 0 0 0 0 0 1 0 0 0
 7 0 0 0 0 0 1 0 0 1 0 0 0 0
 9 0 0 0 0 0 0 1 0 0 0 0 0 0
10 0 0 0 0 0 0 0 0 0 0 0 0 0
11 0 0 0 0 0 0 0 0 0 0 0 1 0
12 0 0 0 0 0 0 0 0 0 0 0 0 1
13 0 0 0 0 0 0 0 0 0 0 0 1 0

==== MATRIZ DE ADJACÊNCIA -> LISTA DE ADJACÊNCIA ====
1: ['2']
2: ['3']
3: ['1', '4']
4: ['5']
5: ['6', '8']
6: ['7']
8: ['4', '10']
7: ['6', '9']
9: ['8']
10: []
11: ['12']
12: ['13']
13: ['12']

==== LISTA DE ADJACÊNCIA -> MATRIZ DE ADJACÊNCIA  ==== 
   1 2 3 4 5 6 8 7 9 10 11 12 13
 1 0 1 0 0 0 0 0 0 0 0 0 0 0
 2 0 0 1 0 0 0 0 0 0 0 0 0 0
 3 1 0 0 1 0 0 0 0 0 0 0 0 0
 4 0 0 0 0 1 0 0 0 0 0 0 0 0
 5 0 0 0 0 0 1 1 0 0 0 0 0 0
 6 0 0 0 0 0 0 0 1 0 0 0 0 0
 8 0 0 0 1 0 0 0 0 0 1 0 0 0
 7 0 0 0 0 0 1 0 0 1 0 0 0 0
 9 0 0 0 0 0 0 1 0 0 0 0 0 0
10 0 0 0 0 0 0 0 0 0 0 0 0 0
11 0 0 0 0 0 0 0 0 0 0 0 1 0
12 0 0 0 0 0 0 0 0 0 0 0 0 1
13 0 0 0 0 0 0 0 0 0 0 0 1 0

Arquivo: data/DIGRAFO2.txt
==== MATRIZ DE ADJACÊNCIA ==== 
   1 2 3 4 5 6 8 7 9 10 12 11 13
 1 0 1 0 0 0 0 0 0 0 0 0 0 0
 2 0 0 1 0 0 0 0 0 0 0 0 0 0
 3 1 0 0 1 0 0 0 0 0 0 0 0 0
 4 0 0 0 0 1 0 0 0 0 0 0 0 0
 5 0 0 0 0 0 1 1 0 0 0 0 0 0
 6 0 0 0 0 0 0 0 1 0 0 0 0 0
 8 0 0 0 1 0 0 0 0 0 1 0 0 0
 7 0 0 0 0 0 1 0 0 1 0 0 0 0
 9 0 0 0 0 0 0 1 0 0 0 0 0 0
10 0 0 0 0 0 0 0 0 0 0 1 0 0
12 0 0 0 0 0 0 0 0 0 0 0 0 1
11 0 0 0 0 0 0 0 0 0 0 1 0 0
13 0 0 0 0 0 0 0 0 0 0 1 0 0

==== MATRIZ DE ADJACÊNCIA -> LISTA DE ADJACÊNCIA ====
1: ['2']
2: ['3']
3: ['1', '4']
4: ['5']
5: ['6', '8']
6: ['7']
8: ['4', '10']
7: ['6', '9']
9: ['8']
10: ['12']
12: ['13']
11: ['12']
13: ['12']

==== LISTA DE ADJACÊNCIA -> MATRIZ DE ADJACÊNCIA  ==== 
   1 2 3 4 5 6 8 7 9 10 12 11 13
 1 0 1 0 0 0 0 0 0 0 0 0 0 0
 2 0 0 1 0 0 0 0 0 0 0 0 0 0
 3 1 0 0 1 0 0 0 0 0 0 0 0 0
 4 0 0 0 0 1 0 0 0 0 0 0 0 0
 5 0 0 0 0 0 1 1 0 0 0 0 0 0
 6 0 0 0 0 0 0 0 1 0 0 0 0 0
 8 0 0 0 1 0 0 0 0 0 1 0 0 0
 7 0 0 0 0 0 1 0 0 1 0 0 0 0
 9 0 0 0 0 0 0 1 0 0 0 0 0 0
10 0 0 0 0 0 0 0 0 0 0 1 0 0
12 0 0 0 0 0 0 0 0 0 0 0 0 1
11 0 0 0 0 0 0 0 0 0 0 1 0 0
13 0 0 0 0 0 0 0 0 0 0 1 0 0

Arquivo: data/GRAFO_3.txt
==== MATRIZ DE ADJACÊNCIA ==== 
   a b c e f d g q j h i l m k o n p
 a 0 1 1 1 1 0 0 0 0 0 0 0 0 0 0 0 0
 b 1 0 0 0 0 0 0 0 0 0 0 0 0 0 0 0 0
 c 1 0 0 0 0 1 0 0 0 0 0 0 0 0 0 0 0
 e 1 0 0 0 1 0 0 0 0 0 0 0 0 0 0 0 0
 f 1 0 0 1 0 1 1 0 0 0 0 0 0 0 0 0 0
 d 0 0 1 0 1 0 1 1 0 0 0 0 0 0 0 0 0
 g 0 0 0 0 1 1 0 0 1 0 0 0 0 0 0 0 0
 q 0 0 0 0 0 1 0 0 0 0 0 0 0 0 0 1 1
 j 0 0 0 0 0 0 1 0 0 0 1 0 0 1 0 0 0
 h 0 0 0 0 0 0 0 0 0 0 1 1 1 0 0 0 0
 i 0 0 0 0 0 0 0 0 1 1 0 0 0 1 0 0 0
 l 0 0 0 0 0 0 0 0 0 1 0 0 1 1 0 0 0
 m 0 0 0 0 0 0 0 0 0 1 0 1 0 0 1 0 0
 k 0 0 0 0 0 0 0 0 1 0 1 1 0 0 0 0 0
 o 0 0 0 0 0 0 0 0 0 0 0 0 1 0 0 1 0
 n 0 0 0 0 0 0 0 1 0 0 0 0 0 0 1 0 1
 p 0 0 0 0 0 0 0 1 0 0 0 0 0 0 0 1 0

==== MATRIZ DE ADJACÊNCIA -> LISTA DE ADJACÊNCIA ====
a: ['b', 'c', 'e', 'f']
b: ['a']
c: ['a', 'd']
e: ['a', 'f']
f: ['a', 'e', 'd', 'g']
d: ['c', 'f', 'g', 'q']
g: ['f', 'd', 'j']
q: ['d', 'n', 'p']
j: ['g', 'i', 'k']
h: ['i', 'l', 'm']
i: ['j', 'h', 'k']
l: ['h', 'm', 'k']
m: ['h', 'l', 'o']
k: ['j', 'i', 'l']
o: ['m', 'n']
n: ['q', 'o', 'p']
p: ['q', 'n']

==== LISTA DE ADJACÊNCIA -> MATRIZ DE ADJACÊNCIA  ==== 
   a b c e f d g q j h i l m k o n p
 a 0 1 1 1 1 0 0 0 0 0 0 0 0 0 0 0 0
 b 1 0 0 0 0 0 0 0 0 0 0 0 0 0 0 0 0
 c 1 0 0 0 0 1 0 0 0 0 0 0 0 0 0 0 0
 e 1 0 0 0 1 0 0 0 0 0 0 0 0 0 0 0 0
 f 1 0 0 1 0 1 1 0 0 0 0 0 0 0 0 0 0
 d 0 0 1 0 1 0 1 1 0 0 0 0 0 0 0 0 0
 g 0 0 0 0 1 1 0 0 1 0 0 0 0 0 0 0 0
 q 0 0 0 0 0 1 0 0 0 0 0 0 0 0 0 1 1
 j 0 0 0 0 0 0 1 0 0 0 1 0 0 1 0 0 0
 h 0 0 0 0 0 0 0 0 0 0 1 1 1 0 0 0 0
 i 0 0 0 0 0 0 0 0 1 1 0 0 0 1 0 0 0
 l 0 0 0 0 0 0 0 0 0 1 0 0 1 1 0 0 0
 m 0 0 0 0 0 0 0 0 0 1 0 1 0 0 1 0 0
 k 0 0 0 0 0 0 0 0 1 0 1 1 0 0 0 0 0
 o 0 0 0 0 0 0 0 0 0 0 0 0 1 0 0 1 0
 n 0 0 0 0 0 0 0 1 0 0 0 0 0 0 1 0 1
 p 0 0 0 0 0 0 0 1 0 0 0 0 0 0 0 1 0

